0.322128 0.294619 0.374014 0.339968 0.237286 0.335652 0.425975 0.215409 0.185312 0.350437 
 0.344774 0.259939 0.00776265 -0.188066 -0.521652 -0.145956 0.288796 -0.407703 0.439192 -0.205415 
 0.16819 0.485735 -0.662621 -0.176862 0.271727 -0.168313 -0.149091 0.120645 0.12181 0.334127 
 -0.619886 0.235432 -0.0377075 0.304413 -0.221495 0.317433 -0.277618 -0.136664 0.445654 0.148473 
 -0.293645 -0.269105 -0.0682624 -0.595585 0.136668 0.213429 0.396008 0.325567 0.391566 -0.0400387 
 -0.17386 -0.328221 0.0492405 0.15916 0.320068 -0.525563 0.221736 -0.443181 0.231351 0.395636 
 0.161131 -0.384544 -0.623563 0.426574 -0.0115481 0.359517 0.279024 -0.130824 0.0135085 -0.175581 
 0.237594 -0.1483 0.0832181 0.24885 0.245547 -0.249469 -0.358257 0.331779 0.563325 -0.417631 
 0.379143 -0.30409 0.109113 -0.305519 0.109498 0.437796 -0.469047 -0.3501 0.148967 0.300184 
 0.133843 -0.329683 -0.0662468 0.0912972 -0.598049 -0.191705 -0.0715942 0.454848 0.0597616 0.500674 
 
