0.32212 0.294614 0.374026 0.339988 0.237285 0.335659 0.425961 0.215408 0.185296 0.350435 
 0.341032 0.260446 0.00917104 -0.185395 -0.523589 -0.143793 0.287306 -0.408936 0.441253 -0.205206 
 0.119975 0.510851 -0.661692 -0.137177 0.247036 -0.144427 -0.180441 0.100326 0.153478 0.346291 
 -0.626048 0.192559 0.0304786 0.342189 -0.246907 0.326571 -0.277729 -0.154714 0.412897 0.11746 
 0.322186 0.24087 0.0902068 0.583278 -0.132404 -0.224938 -0.376548 -0.320276 -0.420583 0.0210913 
 0.17463 0.325956 -0.0519286 -0.159291 -0.319466 0.526809 -0.21964 0.443554 -0.231012 -0.39655 
 0.15585 -0.38613 -0.624036 0.424838 -0.0113333 0.35698 0.286425 -0.140426 0.00831194 -0.165273 
 -0.239276 0.156599 -0.0663611 -0.261862 -0.244728 0.24311 0.347884 -0.330163 -0.562779 0.423676 
 0.382902 -0.306521 0.110262 -0.301456 0.113376 0.433902 -0.47459 -0.344891 0.15786 0.293543 
 -0.133844 0.329683 0.0662467 -0.0912968 0.598049 0.191704 0.0715948 -0.454848 -0.0597618 -0.500674 
 
